  7.9373722e+000 -7.6512096e+000  1.2963344e+000 -1.2495884e+000  4.3860999e+000  5.2024590e+001 -5.1854799e+001  1.0286302e+001 -9.9257947e+000  2.8045647e+002  2.6300430e+001 -5.6675974e+001  1.7815226e+001 -2.3412193e+001  6.8312771e+002  1.7372033e+002 -4.6484149e+001  5.0273941e+001 -3.3597179e+001  4.5267329e+003  2.7725051e+002 -4.6382839e+002  2.1046873e+002 -1.6356074e+002  1.0971299e+005 -1.4001800e+001  2.9869850e+001
  2.4417688e+000 -2.1816584e+000  1.0259725e+000 -1.0839462e+000  1.5213639e+000  8.0595853e+000 -1.0231716e+001  4.5258068e+000 -4.8827302e+000  3.0186462e+001  2.4579345e+001 -2.6592589e+001  9.1161147e+000 -7.5156936e+000  1.5013333e+002  5.6024320e+001 -4.2555021e+001  2.9850722e+001 -1.2304875e+001  9.7211608e+002  9.2216154e+001 -3.7723637e+001  1.9885148e+001 -2.8711076e+001  1.8106612e+003 -3.6180350e+001 -1.1755700e+001
  2.1103147e+000 -2.1816584e+000  1.0901876e+000 -1.1138126e+000  1.5102526e+000  1.0769629e+001 -1.0231716e+001  4.1229971e+000 -4.0024228e+000  2.6251407e+001  1.6964815e+001 -1.3957883e+001  9.8302724e+000 -6.9599709e+000  1.0002361e+002  5.5609317e+001 -4.2042914e+001  3.2985835e+001 -1.6774753e+001  1.0682063e+003  9.1969735e+001 -5.8781437e+001  2.3573575e+001 -3.9352058e+001  3.2184105e+003 -3.6180350e+001 -1.1755700e+001
  5.6952843e-001 -6.2991773e-001  2.3073426e-001 -2.3899889e-001  8.2244224e-002  3.3735391e+000 -5.5723862e+000  1.3208763e+000 -1.4668390e+000  4.1689443e+000  1.5521150e+001 -1.4561046e+001  3.3054312e+000 -5.2072484e+000  4.8527243e+001  4.1770300e+001 -3.7478933e+001  1.8394205e+001 -1.6305630e+001  6.0372931e+002  5.0491945e+001 -6.0512670e+001  1.2712687e+001 -5.1028519e+001  2.5383724e+003 -1.4001800e+001 -2.9869850e+001
  4.4444640e+000 -6.5675069e+000  7.1710528e-001 -9.2422208e-001  1.9689562e+000  1.2515519e+001 -1.6660013e+001  3.5284363e+000 -4.2337445e+000  3.3709779e+001  3.5881870e+001 -7.1183829e+001  1.1027436e+001 -1.6031961e+001  4.9508124e+002  6.9041980e+001 -1.0687523e+002  1.9654560e+001 -3.7004092e+001  2.1083559e+003  1.1512739e+002 -1.6589792e+002  7.7761656e+001 -6.4669528e+001  1.1275764e+004  3.6180350e+001  1.1755700e+001
  1.1578443e+001 -6.9549657e+000  2.3507563e+000 -2.4363929e+000  1.2574665e+001  5.5899166e+001 -8.2819548e+001  2.6557785e+001 -2.7388771e+001  1.2177973e+003  1.4327265e+002 -2.6684945e+002  5.9237535e+001 -8.1691245e+001  1.0008351e+004  4.3361016e+002 -6.4231644e+002  1.3466959e+002 -2.5161825e+002  9.7924686e+004  3.9147221e+002 -7.3001102e+002  3.6734466e+002 -2.3615190e+002  2.3130466e+005  3.1180350e+001  1.9021150e+001
  5.7636085e+000 -6.5746939e+000  1.0367256e+000 -1.2598385e+000  4.1417504e+000  5.7363246e+001 -4.3194094e+001  1.1157244e+001 -1.2126186e+001  3.4789650e+002  1.5659311e+002 -1.3248640e+002  4.8781864e+001 -5.2286487e+001  4.8741852e+003  2.2064086e+002 -2.0717999e+002  7.1113154e+001 -7.5360024e+001  1.4218838e+004  3.7757482e+002 -3.7174845e+002 -2.6169792e+001 -2.1811755e+002  4.4879601e+004  1.7821450e+001  1.0848700e+001
  6.9203055e+000 -7.2260329e+000  1.3831615e+000 -1.3401039e+000  4.2463793e+000  6.1367580e+001 -5.8208792e+001  1.6042179e+001 -1.5473660e+001  5.3438930e+002  1.0409560e+002 -8.2671456e+001  3.5029658e+001 -3.3892936e+001  2.4152865e+003  5.5965832e+001 -8.3875898e+001  3.6970829e+001 -6.2318209e+001  3.4244893e+003  1.3344583e+002 -2.1989817e+002  1.2918350e+002  8.2321453e+000  1.6925319e+004 -2.2360700e+001  3.0776850e+001
  3.2613218e+000 -4.2156077e+000  5.0017044e-001 -7.5180587e-001  1.2787874e+000  2.5131458e+001 -2.4073631e+001  6.0913202e+000 -5.7956258e+000  9.1337995e+001  4.4798484e+001 -9.2005026e+001  2.0689868e+001 -2.8181718e+001  1.2948489e+003  7.8617399e+001 -7.2357897e+001  3.9478709e+001 -2.4783959e+001  2.5497627e+003  2.2497821e+002 -1.6327146e+002  8.3956379e+001 -8.8034145e+001  1.5558361e+004  3.6180350e+001  1.1755700e+001
  6.7133567e+000 -7.6038509e+000  1.8111688e+000 -1.9665094e+000  7.1112350e+000  3.8241636e+001 -4.5985192e+001  1.1873728e+001 -1.2251952e+001  3.0560594e+002  1.0632402e+002 -9.6315567e+001  4.2282223e+001 -4.1385095e+001  2.8310321e+003  1.3214773e+002 -1.4751393e+002  4.0820932e+001 -5.5418526e+001  5.3330298e+003  2.0853340e+002 -2.9850886e+002  7.8622052e+001 -1.0207561e+002  1.9913514e+004 -2.2360700e+001  3.0776850e+001
  4.2990906e+000 -3.9805310e+000  1.4318606e+000 -1.4548869e+000  3.7095688e+000  2.9378780e+001 -3.0898900e+001  9.5758011e+000 -9.1385263e+000  1.5384300e+002  5.2235190e+001 -6.0456933e+001  1.5200157e+001 -2.0389507e+001  8.3240519e+002  9.9358934e+001 -1.0128932e+002  9.1060181e+001 -6.0266330e+001  7.5658988e+003  4.1668930e+002 -2.5928473e+002  1.3887404e+002 -1.6779293e+002  5.9260034e+004  1.7821450e+001  1.0848700e+001
  4.7566839e+000 -3.9805310e+000  1.1828058e+000 -1.2136311e+000  2.9322670e+000  3.2416610e+001 -3.7081447e+001  1.3857548e+001 -1.2345656e+001  2.8992697e+002  9.3678779e+001 -5.4257973e+001  3.7963378e+001 -2.4635263e+001  1.7568610e+003  9.1197098e+001 -1.1523544e+002  5.4115431e+001 -5.6641244e+001  4.8952169e+003  3.5887687e+002 -1.3830909e+002  1.3500904e+002 -8.8494400e+001  2.7119041e+004  1.7821450e+001  1.0848700e+001
  4.2040043e+000 -4.3975124e+000  8.3556452e-001 -8.6491010e-001  1.9673148e+000  3.4680477e+001 -3.8872142e+001  9.4541083e+000 -8.6568233e+000  1.7871186e+002  7.9762572e+001 -1.0007248e+002  2.7904716e+001 -3.0312989e+001  1.7663625e+003  1.5408061e+002 -1.2835574e+002  8.2079939e+001 -6.6183250e+001  9.1594000e+003  2.0748157e+002 -1.4394546e+002  1.4253872e+002  1.5160443e+001  1.7598993e+004 -2.2360700e+001  3.0776850e+001
  4.6148248e+000 -2.4289964e+000  6.4918907e-001 -5.2965100e-001  1.0741531e+000  3.5199003e+001 -2.0698540e+001  5.5943739e+000 -5.0831153e+000  1.0093209e+002  1.1812972e+002 -1.1553450e+002  1.9751222e+001 -2.1408830e+001  1.6837519e+003  4.9632693e+001 -4.1128083e+001  4.5245609e+001 -3.2808461e+001  1.8602688e+003  1.9912108e+002 -1.8548193e+002  1.2487943e+002 -5.5240662e+001  1.8095727e+004 -3.6180350e+001  1.1755700e+001
  2.5325982e+000 -4.5264898e+000  5.4916902e-001 -6.6221151e-001  1.0247136e+000  2.3679067e+001 -2.9212141e+001  5.5793939e+000 -5.5285931e+000  8.9663657e+001  4.2379273e+001 -5.6345575e+001  1.1114205e+001 -1.1960361e+001  4.0957602e+002  5.2050490e+001 -1.3313878e+001  2.0649151e+001 -7.9412526e+000  4.9301919e+002  5.8991200e+001 -1.2538795e+002  3.7809962e+001 -2.1241857e+001  3.5863689e+003 -1.4001800e+001  2.9869850e+001
  3.3470602e+000 -2.4539185e+000  5.1467556e-001 -5.7227935e-001  7.2842145e-001  2.0744972e+001 -1.7273524e+001  4.8410736e+000 -4.3212930e+000  4.6157250e+001  4.3000780e+001 -8.1625717e+001  9.0162012e+000 -1.5900829e+001  5.6174988e+002  9.6286139e+000 -5.0550433e+001  8.3645464e+000 -3.4228493e+001  6.4218158e+002  9.6786777e+001 -8.6033456e+001 -3.6191885e+000 -5.6345265e+001  5.2339790e+003  1.4001800e+001  2.9869850e+001
  2.5672929e+000 -2.5786692e+000  9.4557104e-001 -8.9322692e-001  1.1583038e+000  1.1539489e+001 -1.0952209e+001  3.7983817e+000 -3.7081724e+000  2.4693382e+001  5.5883198e+001 -4.1010363e+001  1.0619351e+001 -7.6998606e+000  3.8049360e+002  4.9616679e+001 -4.4828514e+001  2.2470859e+001 -1.4176998e+001  7.8638264e+002  2.7816298e+002 -1.7195371e+002  4.3569199e+001 -1.3068864e+002  2.4429105e+004  1.7821450e+001  1.0848700e+001
  1.0799941e+000 -7.7814245e-001  2.9490053e-001 -2.9172820e-001  1.3542846e-001  5.3063868e+000 -4.5130204e+000  2.1566601e+000 -1.8195620e+000  5.9840388e+000  2.4224096e+001 -3.4915150e+001  7.8899110e+000 -1.0079519e+001  1.9587490e+002  4.9621431e+001 -2.2404893e+001  1.8163740e+001 -1.6639132e+001  5.6055221e+002  4.1222634e+001 -7.6121213e+001  1.2243950e+001 -2.7699634e+001  1.0992109e+003  2.2360700e+001  3.0776850e+001
  6.8289239e-001 -7.8131188e-001  3.2435251e-001 -3.1260200e-001  1.4086587e-001  3.5508930e+000 -2.6161266e+000  1.3378074e+000 -1.2050357e+000  2.4396396e+000  8.5330143e+000 -7.8691049e+000  4.4809676e+000 -4.1797375e+000  3.1557239e+001  2.9765664e+001 -2.6367026e+001  1.0932045e+001 -1.5874555e+001  3.2402302e+002  1.9504660e+002 -1.4528053e+002  7.1170488e+001 -7.3935972e+001  1.2678806e+004 -3.6180350e+001 -1.1755700e+001
  1.1098440e+000 -7.8771514e-001  3.5146351e-001 -3.5317178e-001  1.9174864e-001  3.8167264e+000 -4.4945778e+000  1.1556857e+000 -1.3873248e+000  3.4410842e+000  1.8560014e+001 -1.4531107e+001  4.6914433e+000 -4.5889793e+000  5.2762753e+001  1.3891339e+001 -4.9821853e+001  8.5259972e+000 -2.0252294e+001  4.2717697e+002  9.3380161e+001 -1.3315574e+002  5.3945497e+001 -5.6191732e+001  6.3641154e+003 -3.6180350e+001  1.1755700e+001
  2.1884756e+000 -2.1238942e+000  1.0474348e+000 -1.0426851e+000  1.4970175e+000  1.0818100e+001 -7.2700809e+000  4.0050861e+000 -3.7172673e+000  2.3062752e+001  1.6261997e+001 -1.4188326e+001  7.7830149e+000 -5.8558755e+000  7.6172829e+001  2.5087717e+001 -2.2900862e+001  1.8216783e+001 -9.1347649e+000  3.3775846e+002  1.2227047e+002 -4.3930710e+001  5.9018336e+001 -1.2625680e+001  2.8849649e+003 -3.6180350e+001  1.1755700e+001
  1.2646851e+000 -1.6815202e+000  6.5106154e-001 -6.8257027e-001  5.8409596e-001  4.6181894e+000 -7.4503220e+000  2.7936080e+000 -2.4326681e+000  1.0130751e+001  1.2453613e+001 -9.9395399e+000  7.5472467e+000 -4.8491190e+000  5.4773891e+001  3.4204092e+001 -1.6607733e+001  2.0904215e+001 -1.2407276e+001  3.8447374e+002  5.7036576e+001 -5.4020256e+001  2.6193677e+001 -3.7220225e+001  1.8472436e+003 -3.6180350e+001 -1.1755700e+001
  3.1715178e+000 -3.0628174e+000  1.1113149e+000 -1.1204243e+000  1.7362789e+000  6.2013883e+000 -7.2784129e+000  3.0938768e+000 -4.0711730e+000  1.7731398e+001  2.8614725e+001 -6.1341559e+001  7.8440674e+000 -1.0550763e+001  3.2831540e+002  1.1030161e+001 -7.8074554e+001  8.9400271e+000 -2.5018128e+001  9.6521701e+002  3.8013835e+001 -6.8790300e+001 -3.0180778e+001 -6.0055429e+001  1.7385547e+003 -3.6180350e+001  1.1755700e+001
  1.7636123e+000 -1.8832694e+000  7.0435000e-001 -7.2667391e-001  7.0976923e-001  5.6032305e+000 -5.8031720e+000  2.9664944e+000 -3.1204317e+000  1.2540008e+001  2.3226648e+001 -3.4690468e+001  6.9392377e+000 -7.5387190e+000  1.3148724e+002  4.0081268e+001 -1.0149670e+001  1.3731010e+001 -5.4531226e+000  2.3958694e+002  1.0614927e+002 -6.4604606e+001  4.2337159e+001 -2.7393810e+001  2.7292156e+003 -3.6180350e+001  1.1755700e+001
  5.2397427e+000 -6.3819863e+000  2.3612104e+000 -2.3210210e+000  7.3547805e+000  1.9242299e+001 -1.3840866e+001  9.7918148e+000 -8.4139590e+000  1.0609723e+002  1.7288927e+001 -2.1555698e+001  6.0814014e+000 -9.9318312e+000  1.1062131e+002  3.7133441e+001 -5.6944694e+001  1.3522089e+001 -1.7458653e+001  6.9218909e+002  1.3542159e+002 -1.1199548e+002  3.6351444e+001 -7.5278104e+001  9.3207140e+003 -3.6180350e+001 -1.1755700e+001
  4.5181141e+000 -4.5527057e+000  1.2052076e+000 -1.2479799e+000  2.4614150e+000  1.3413700e+001 -1.4442822e+001  3.6041833e+000 -4.5467049e+000  3.3013724e+001  2.8995815e+001 -4.6210527e+001  7.0687092e+000 -8.2043992e+000  2.1957720e+002  3.3951862e+001 -5.8848247e+001  1.2812964e+001 -1.7909200e+001  6.2599318e+002  1.3531343e+002 -1.1715863e+002  9.3589276e+001 -2.3278757e+001  9.1576771e+003 -3.6180350e+001  1.1755700e+001
  1.0016369e+000 -1.0436434e+000  4.1084498e-001 -4.1235225e-001  2.5691986e-001  4.8242018e+000 -2.3590949e+000  1.5873364e+000 -1.4384696e+000  3.7347545e+000  5.9646616e+000 -1.7256824e+001  3.5781496e+000 -3.7456423e+000  3.2643205e+001  2.3861435e+001 -1.0292394e+001  1.4091991e+001 -7.7713899e+000  1.8659350e+002  5.0971703e+001 -3.3161035e+001  2.7572401e+001 -1.6600958e+001  9.1938611e+002 -3.6180350e+001 -1.1755700e+001
  2.0112183e+000 -2.3283430e+000  4.8330754e-001 -4.8510262e-001  4.4140771e-001  4.9779268e+000 -8.8381747e+000  1.9586608e+000 -2.4617183e+000  8.7087639e+000  1.6362635e+001 -1.3751324e+001  4.2364802e+000 -4.5520315e+000  4.6139822e+001  1.4602055e+001 -3.7004358e+001  1.2469631e+001 -1.6659647e+001  3.9512979e+002  5.9599017e+001 -9.7985157e+001 -4.8589523e+001 -6.1953735e+001  3.9224605e+003  3.6180350e+001  1.1755700e+001
  9.7071420e-001 -6.0722183e-001  2.6886157e-001 -2.6035608e-001  1.0055196e-001  8.7313509e+000 -6.1073044e+000  1.7370116e+000 -1.6300413e+000  6.5116046e+000  5.5694338e+000 -1.3719052e+001  2.6836862e+000 -4.0847041e+000  2.4329179e+001  3.1930537e+001 -3.0214984e+001  8.8329114e+000 -1.0337838e+001  2.4654841e+002  8.0817222e+001 -1.2195600e+002  3.2225659e+000 -6.6786501e+001  3.8221742e+003  3.6180350e+001 -1.1755700e+001
  7.7094365e-001 -8.5741478e-001  3.3841721e-001 -3.6256833e-001  1.7350533e-001  2.8838138e+000 -4.0287501e+000  1.0093970e+000 -1.0330727e+000  1.9920742e+000  7.3917460e+000 -1.1261657e+001  3.4150662e+000 -3.1290963e+000  2.1437681e+001  1.0855950e+001 -2.7973132e+001  7.1012855e+000 -1.3369789e+001  1.9584614e+002  5.3791964e+001 -1.0897408e+002 -2.7531476e+001 -5.4337316e+001  4.2014143e+003  3.6180350e+001 -1.1755700e+001
  8.9533288e-001 -6.5690956e-001  2.8253008e-001 -2.9500134e-001  1.2616978e-001  5.4085593e+000 -2.6816227e+000  1.2328610e+000 -1.0124498e+000  2.6345725e+000  7.1992566e+000 -6.4671375e+000  3.1713670e+000 -2.2181037e+000  1.3129727e+001  4.1430151e+001 -1.6802004e+001  1.3826386e+001 -7.3072441e+000  3.9201384e+002  4.8156327e+001 -2.3865181e+001  2.7220875e+001 -3.1299675e+000  5.5420641e+002 -3.6180350e+001 -1.1755700e+001
  1.6532019e+000 -2.5485065e+000  4.6755532e-001 -5.9101907e-001  5.3628606e-001  1.2010850e+001 -1.0967657e+001  3.2165735e+000 -3.0665909e+000  1.8244830e+001  2.9053491e+001 -9.3651189e+000  7.5798554e+000 -3.3006027e+000  8.1943362e+001  4.0182531e+001 -4.1667500e+001  2.1269132e+001 -2.8913101e+001  8.8201395e+002  2.0661583e+002 -1.4367875e+002  5.2963724e+001 -8.8500930e+001  1.4469324e+004  0.0000000e+000 -1.0000000e+001
  1.9179863e+000 -2.2113183e+000  4.7041144e-001 -5.2338452e-001  4.3938108e-001  4.3346071e+000 -4.6030400e+000  1.8413628e+000 -1.8215810e+000  5.1603120e+000  6.1114763e+000 -1.7021947e+001  2.8559224e+000 -4.5103062e+000  3.1870209e+001  2.5090325e+001 -1.5272785e+001  1.2287909e+001 -3.6222587e+000  1.4628512e+002  6.0917314e+001 -6.2254530e+001  7.1531386e+000 -3.8606689e+001  1.6762350e+003 -3.6180350e+001 -1.1755700e+001
  6.9116277e-001 -7.3262572e-001  2.9542278e-001 -2.7656218e-001  1.1305525e-001  3.9405069e+000 -3.1010781e+000  1.5494383e+000 -1.3198484e+000  3.0171594e+000  5.3908923e+000 -6.5715682e+000  1.0121912e+000 -3.0332855e+000  8.4511200e+000  4.0771976e+001 -4.3874363e+000  1.3245272e+001 -3.0935515e+000  2.5193217e+002  2.6305786e+001 -1.1248245e+002  1.2960250e+001 -4.9783479e+001  2.2988958e+003 -2.2360700e+001  3.0776850e+001
  7.2752385e-001 -6.8553199e-001  3.0615875e-001 -3.1551848e-001  1.3015789e-001  4.2151329e+000 -3.2972711e+000  1.1957358e+000 -1.2072189e+000  2.3928320e+000  1.6573756e+001 -1.2235281e+001  3.9265588e+000 -5.1753066e+000  4.8685098e+001  1.9925718e+001 -1.7566173e+001  9.8349851e+000 -9.0817011e+000  1.6077700e+002  8.5157058e+001 -6.7905474e+001  4.8096083e+001 -4.0173021e+000  2.0443363e+003 -3.6180350e+001 -1.1755700e+001
  7.0044376e-001 -1.0886119e+000  3.2193738e-001 -3.3573521e-001  1.5742045e-001  6.2642051e+000 -8.8411118e+000  1.9891796e+000 -1.9293273e+000  7.8168749e+000  2.4153185e+001 -3.8474858e+001  7.0869327e+000 -8.7304989e+000  1.9992341e+002  3.4529378e+001 -1.6422694e+001  1.0490886e+001 -9.0335228e+000  2.4124450e+002  7.8405250e+000 -1.2586206e+002  4.0151417e+000 -3.0689409e+001  1.7699640e+003 -2.2360700e+001  3.0776850e+001
  6.4646327e+000 -5.4626554e+000  1.1027080e+000 -9.9644840e-001  2.4983204e+000  5.2572425e+001 -3.9497664e+001  7.5161072e+000 -7.4678741e+000  2.2994010e+002  5.5362152e+001 -7.9280724e+001  1.7654423e+001 -1.9220217e+001  8.7661480e+002  5.9810223e+001 -4.8761228e+001  2.3294370e+001 -2.4154574e+001  1.2304221e+003  3.0560105e+002 -2.3249514e+002  1.1949868e+002 -5.9912123e+001  2.4750872e+004  1.7821450e+001  1.0848700e+001
  3.5203843e+000 -6.1999242e+000  1.7804955e+000 -1.8890709e+000  4.8499170e+000  1.4038777e+001 -1.0920970e+001  5.2361764e+000 -4.6161219e+000  4.2306971e+001  8.6825288e+001 -1.2152326e+001  1.3647957e+001 -5.6568361e+000  4.7641165e+002  6.1416676e+001 -5.3548432e+001  3.3172236e+001 -1.6622268e+001  1.1990564e+003  1.1073107e+002 -1.0519710e+002  2.7238030e+001 -4.4731917e+001  3.5406069e+003 -3.6180350e+001  1.1755700e+001
  1.6022623e+000 -1.5592227e+000  5.3182949e-001 -5.6701915e-001  4.6870411e-001  6.4592890e+000 -8.3759094e+000  3.1363378e+000 -3.0682159e+000  1.4354771e+001  3.3214322e+001 -4.0336412e+001  1.4893624e+001 -1.3205362e+001  3.5324934e+002  4.1708063e+001 -3.5922066e+001  2.7031651e+001 -3.1757015e+001  1.0691321e+003  1.2608023e+002 -1.0593224e+002  3.1731566e+001 -6.2749739e+001  5.6831689e+003  0.0000000e+000  1.0000000e+001
  5.1633045e+000 -5.2210512e+000  8.7921002e-001 -9.8523144e-001  2.0417677e+000  2.4362734e+001 -3.4017843e+001  7.4175766e+000 -6.8628319e+000  1.2751709e+002  5.8082486e+001 -3.7322440e+001  1.8466739e+001 -1.1220184e+001  5.4541935e+002  4.5996864e+001 -1.7508017e+001  2.6555534e+001 -6.1845565e+000  5.2862192e+002  1.3598190e+002 -1.2159424e+002 -5.7928073e+000 -7.4448105e+001  9.1720852e+003 -1.4001800e+001  2.9869850e+001
  3.8016853e+000 -2.2501660e+000  9.8890440e-001 -9.3063664e-001  1.4651952e+000  2.2062887e+001 -1.4877803e+001  5.2361098e+000 -5.4418082e+000  5.3722533e+001  4.5902671e+001 -1.7471947e+001  8.1279440e+000 -4.5073984e+000  1.6152803e+002  7.3095714e+001 -4.8748078e+001  2.0481614e+001 -1.4633621e+001  9.0000557e+002  1.0147995e+002 -6.5032137e+001  1.3570626e+001 -4.6509502e+001  3.7205489e+003  3.6180350e+001 -1.1755700e+001
  2.5120911e+000 -2.7412977e+000  1.0804127e+000 -1.1011314e+000  1.7113192e+000  9.5722235e+000 -8.6457089e+000  3.2355482e+000 -3.8004827e+000  1.9247614e+001  1.2605820e+001 -1.0610403e+001  4.4938900e+000 -5.3704580e+000  4.1506374e+001  3.2726586e+001 -4.1113943e+001  1.7982028e+001 -1.9625863e+001  5.6049456e+002  9.2830596e+001 -6.2426524e+001  2.9898877e+001  3.2572747e+000  2.5468310e+003 -3.6180350e+001 -1.1755700e+001
  1.8320285e+000 -1.1906089e+000  5.9840856e-001 -5.4699958e-001  4.6662197e-001  3.6902444e+000 -4.6075671e+000  1.9939033e+000 -1.9629704e+000  5.3409202e+000  8.4885398e+000 -2.1708811e+001  3.2182351e+000 -4.7531155e+000  4.3725510e+001  2.2829659e+001 -3.0532495e+001  9.8065203e+000 -8.3502012e+000  2.4150560e+002  3.8711301e+001 -4.7376959e+001  1.9644050e+001 -1.6144351e+001  7.7153348e+002 -3.6180350e+001  1.1755700e+001
  4.0486187e+000 -3.3497224e+000  1.4179981e+000 -1.5014593e+000  2.9812875e+000  2.5534915e+001 -1.7060635e+001  5.8546660e+000 -7.5379563e+000  8.3678199e+001  4.2168854e+001 -8.5049227e+001  1.4324290e+001 -1.3719234e+001  6.6828127e+002  1.6682136e+001 -6.3135674e+001  1.1793902e+001 -3.0916108e+001  8.1824056e+002  4.5411143e+001 -6.0730414e+001  6.6817924e+000 -2.6434637e+001  1.1610215e+003  1.4001800e+001  2.9869850e+001
  3.0593657e+000 -2.7418480e+000  4.6371066e-001 -4.4219736e-001  5.2456456e-001  2.7661096e+001 -2.1523848e+001  4.9357761e+000 -4.5579987e+000  6.6416212e+001  5.9776462e+001 -8.2528292e+001  1.5186537e+001 -1.8050597e+001  7.6788687e+002  4.4000165e+001 -2.8053020e+001  1.9184884e+001 -1.6342016e+001  5.1701181e+002  1.7411177e+002 -1.3365537e+002  7.6374974e+001 -1.7497698e+001  7.4975192e+003  0.0000000e+000 -1.0000000e+001
  6.3224985e+000 -6.9565389e+000  1.2317125e+000 -1.1386327e+000  3.6417852e+000  2.5333201e+001 -2.3032915e+001  6.1757082e+000 -5.9116247e+000  7.6243650e+001  4.3778592e+001 -1.0131537e+002  1.7555603e+001 -3.0163441e+001  1.2651700e+003  1.4205814e+002 -9.4288282e+001  7.3804332e+001 -5.4878297e+001  7.0996248e+003  5.4292119e+002 -3.5016317e+002  4.2698962e+001 -2.5185954e+002  8.8607502e+004 -1.7821450e+001  1.0848700e+001
  9.8568862e-001 -9.9853439e-001  3.9695127e-001 -4.0319262e-001  2.1734351e-001  3.9602457e+000 -6.2719069e+000  1.5609453e+000 -1.8532480e+000  4.7559409e+000  1.6804407e+001 -1.4444104e+001  4.1902328e+000 -4.7879411e+000  4.5609075e+001  5.3924825e+001 -3.9384121e+001  2.4121840e+001 -2.3215783e+001  1.0232758e+003  8.2199869e+001 -1.5668563e+002  2.9464530e+001 -6.5050800e+001  5.5324728e+003 -1.4001800e+001 -2.9869850e+001
  8.2459271e-001 -8.6373948e-001  3.2939909e-001 -3.5266562e-001  1.6584636e-001  4.0313882e+000 -4.5085492e+000  1.7653859e+000 -1.9999788e+000  5.0391129e+000  1.1947796e+001 -1.0689654e+001  4.5684831e+000 -4.8612428e+000  3.8171037e+001  3.7256380e+001 -1.4152833e+001  1.8350896e+001 -9.7855908e+000  3.5351925e+002  5.7283452e+001 -3.4903375e+001  3.2985577e+001 -1.1252045e+001  9.6591975e+002 -2.2360700e+001 -3.0776850e+001
  1.4790480e+000 -1.4344765e+000  6.8227100e-001 -6.6863371e-001  6.1389770e-001  5.4757234e+000 -5.7517611e+000  2.2767140e+000 -2.4923243e+000  9.4929048e+000  1.0481942e+001 -1.3144341e+001  4.2592039e+000 -5.4777777e+000  4.1932671e+001  6.0446594e+001 -8.1609450e+001  2.4655763e+001 -3.3544756e+001  1.7372894e+003  1.3683850e+002 -1.2717632e+002  3.9947431e+001 -3.4598463e+001  5.2937971e+003 -3.6180350e+001 -1.1755700e+001
  3.0700488e+000 -2.8713213e+000  1.0005924e+000 -9.7144951e-001  1.5549709e+000  6.5734171e+000 -6.2538919e+000  3.1114538e+000 -3.7462384e+000  1.8110860e+001  8.8056141e+000 -1.2095050e+001  3.8761416e+000 -4.9044500e+000  3.7114658e+001  5.4627219e+001 -4.3832483e+001  2.7153719e+001 -1.5913374e+001  9.5008795e+002  9.8391863e+001 -1.5048662e+002  3.8204979e+001 -2.6546164e+001  1.4053369e+004 -3.6180350e+001  1.1755700e+001
  1.7141022e+000 -2.1442018e+000  7.7704326e-001 -7.7346735e-001  8.5456978e-001  4.9272524e+000 -7.4415276e+000  2.5216911e+000 -2.9795924e+000  1.1541055e+001  8.1434106e+000 -1.6128597e+001  2.5008795e+000 -5.9323227e+000  3.7632908e+001  5.2957295e+001 -3.6628651e+001  2.6425805e+001 -2.3442740e+001  1.0518605e+003  9.0397109e+001 -5.7076389e+001  5.6923259e+001 -9.2608356e+000  2.3350101e+003 -2.2360700e+001  3.0776850e+001
  3.1638067e+000 -3.2745391e+000  1.0532753e+000 -1.1023304e+000  1.7451136e+000  7.3928881e+000 -6.9150672e+000  3.1873550e+000 -2.8642974e+000  1.5188069e+001  1.3759997e+001 -7.8538769e+000  5.9863206e+000 -4.3172251e+000  4.6964957e+001  5.1064591e+001 -6.4088989e+001  2.9442082e+001 -2.4821353e+001  1.3126729e+003  1.4720582e+002 -1.2478303e+002  5.2421631e+001 -1.8636058e+001  8.3310714e+003 -1.4001800e+001 -2.9869850e+001
  1.5216122e+000 -1.6124216e+000  5.0644088e-001 -5.2055550e-001  4.4319580e-001  4.2212521e+000 -2.9493352e+000  1.8170461e+000 -1.7917562e+000  4.7378971e+000  6.0392908e+000 -8.2478183e+000  3.8292575e+000 -3.9084249e+000  2.2025455e+001  5.0257213e+001 -5.2669857e+001  2.0905101e+001 -2.3361513e+001  1.0099220e+003  1.4531454e+002 -1.3216301e+002  7.3429196e+001 -2.5219151e+001  7.9211632e+003 -3.6180350e+001 -1.1755700e+001
  2.0584643e+000 -1.9046919e+000  7.9821645e-001 -7.6411445e-001  8.9203450e-001  6.9714156e+000 -6.1987675e+000  2.7926449e+000 -2.2424108e+000  1.1072503e+001  1.8319421e+001 -1.1676636e+001  5.5317886e+000 -4.7171621e+000  5.1170854e+001  3.3363965e+001 -4.1718440e+001  1.3419867e+001 -1.3990681e+001  4.4988461e+002  1.0375307e+002 -1.8093352e+002  5.5608763e+001 -5.6012605e+001  8.2383896e+003 -3.6180350e+001  1.1755700e+001
  3.0421734e+000 -2.7225142e+000  7.5919593e-001 -7.3550085e-001  1.0684348e+000  6.0588028e+000 -5.0585368e+000  3.0342911e+000 -2.8244399e+000  1.1438101e+001  3.6638834e+001 -2.5900429e+001  9.9948361e+000 -7.8912891e+000  1.8072731e+002  2.2141928e+001 -3.6609947e+001  8.9989292e+000 -1.5597970e+001  3.3314001e+002  5.3016296e+001 -4.5646738e+001  8.3423022e+000 -2.1664379e+001  7.1734249e+002  1.4001800e+001  2.9869850e+001
  1.9361935e+000 -1.6946846e+000  3.6950060e-001 -4.2190223e-001  3.6469236e-001  6.1301887e+000 -7.4646249e+000  2.0223618e+000 -1.9038552e+000  8.2650248e+000  1.3426001e+001 -1.7361547e+001  2.9925703e+000 -3.7447175e+000  4.0300161e+001  3.0518956e+001 -5.8223873e+001  1.2211303e+001 -1.4876522e+001  5.6995685e+002  1.1508990e+002 -1.1675363e+002  5.2416676e+001 -1.4077666e+001  4.5887781e+003  1.7821450e+001 -1.0848700e+001
  9.0795996e-001 -1.5496654e+000  2.8065319e-001 -3.0378190e-001  1.7010028e-001  9.6942293e+000 -9.9601645e+000  2.5795461e+000 -2.5985474e+000  1.5608276e+001  1.8313065e+001 -1.1828668e+001  6.0563008e+000 -5.0536591e+000  6.4831149e+001  3.9267001e+001 -3.1159459e+001  1.3740754e+001 -1.0412795e+001  3.8292233e+002  1.1414930e+002 -1.1240188e+002  4.7374141e+001 -5.2495322e+001  6.5687625e+003  1.7821450e+001 -1.0848700e+001
  1.2455579e+000 -1.7795350e+000  3.4275825e-001 -3.7119940e-001  2.5955346e-001  1.0222190e+001 -1.2012216e+001  2.6426616e+000 -2.5002198e+000  1.7961886e+001  1.6442387e+001 -1.0339279e+001  4.3387721e+000 -2.5591485e+000  3.3386698e+001  5.0023268e+001 -4.7881577e+001  1.3192979e+001 -1.6903170e+001  6.3490949e+002  9.7333335e+001 -9.9345369e+001  3.7842437e+001 -3.8018207e+001  3.9799075e+003  1.7821450e+001 -1.0848700e+001
  1.9706546e+000 -1.5184976e+000  4.0356571e-001 -3.6651314e-001  3.4337194e-001  1.4054438e+001 -1.0104060e+001  3.0613048e+000 -2.6300052e+000  2.0230458e+001  1.6837979e+001 -2.7971226e+001  5.9351952e+000 -5.6722763e+000  1.0351208e+002  2.9532651e+001 -6.7185006e+001  1.3230550e+001 -1.8191785e+001  7.0281044e+002  6.8775633e+001 -1.0741025e+002  5.5266163e+001 -5.5385218e+000  4.5169000e+003  1.7821450e+001 -1.0848700e+001
  1.6542430e+000 -2.1833390e+000  4.2546952e-001 -4.2001841e-001  3.5192037e-001  9.7555186e+000 -1.0340756e+001  2.6104337e+000 -2.3570747e+000  1.5790237e+001  9.4337204e+000 -1.5602198e+001  3.5484754e+000 -4.7540842e+000  3.6300336e+001  3.1966861e+001 -6.9845964e+001  1.7976439e+001 -2.1422401e+001  1.0060159e+003  1.1370940e+002 -1.1158228e+002  4.0504089e+001 -6.2496654e+001  6.7750175e+003  1.7821450e+001 -1.0848700e+001
  6.4839199e+000 -5.2147878e+000  1.7698251e+000 -1.5662797e+000  5.2621611e+000  2.1924823e+001 -1.8162766e+001  5.8065892e+000 -5.3826948e+000  6.3834115e+001  2.3298790e+001 -5.8724271e+001  1.3093778e+001 -2.3056507e+001  5.8932720e+002  7.8643868e+001 -9.6884367e+001  3.7472039e+001 -3.6253526e+001  2.7808865e+003  1.0852918e+002 -5.4003555e+002  7.1743204e+001 -1.8147765e+002  5.9343665e+004 -3.6180350e+001 -1.1755700e+001
  3.6839762e+000 -6.4361597e+000  1.1194561e+000 -1.2750160e+000  2.6348655e+000  1.9333806e+001 -2.5729015e+001  7.3222157e+000 -7.0822665e+000  9.7210226e+001  1.6535949e+001 -2.9534884e+001  6.5743416e+000 -1.3235933e+001  2.1452675e+002  1.7519519e+002 -6.2055509e+001  7.2417393e+001 -3.0554389e+001  5.5016754e+003  9.5368660e+001 -3.7089788e+002  4.3255051e+001 -7.6638481e+001  2.1506647e+004 -2.2360700e+001 -3.0776850e+001
  1.3336710e+000 -1.4717114e+000  4.8818601e-001 -5.5296035e-001  4.0088612e-001  1.5948831e+001 -1.5196327e+001  3.6441062e+000 -3.5637410e+000  3.0653004e+001  1.7445129e+001 -4.8819631e+001  7.2867546e+000 -1.0813790e+001  2.3903317e+002  3.3260660e+001 -8.2218216e+001  1.6491410e+001 -3.4057965e+001  1.3964536e+003  5.4227356e+001 -2.5936124e+002 -1.1664496e+002 -2.1297325e+002  8.3961681e+003 -3.6180350e+001 -1.1755700e+001
  4.8308992e+000 -3.9111997e+000  1.1961080e+000 -1.2107898e+000  3.2247235e+000  3.6096959e+001 -3.3933727e+001  9.7110184e+000 -1.0102704e+001  2.5146861e+002  1.7487051e+002 -1.8294666e+002  5.2232796e+001 -4.5554512e+001  6.4044619e+003  8.3066077e+001 -1.2004601e+002  6.7763806e+001 -6.8071183e+001  6.4555637e+003  3.7823853e+002 -1.1549129e+003  2.8468623e+002 -4.4565891e+002  4.0772324e+005 -3.6180350e+001 -1.1755700e+001
  1.5305291e+000 -2.0029249e+000  5.5938908e-001 -5.5592901e-001  5.1707892e-001  6.3035938e+000 -1.3803838e+001  2.5005620e+000 -2.9032873e+000  1.6984893e+001  2.9722202e+001 -6.0900076e+001  1.3115490e+001 -1.7593053e+001  5.2461411e+002  1.6951137e+002 -7.7101665e+001  4.9291738e+001 -2.9477574e+001  4.6463224e+003  4.1509748e+002 -5.7035228e+002  3.6995312e+002  2.1949758e+001  1.6891092e+005 -1.4001800e+001  2.9869850e+001
  4.9319945e+000 -7.1624385e+000  1.2020749e+000 -1.1578169e+000  3.3239262e+000  4.6745359e+001 -4.4010602e+001  8.1252533e+000 -8.1596430e+000  2.5817843e+002  6.1442805e+001 -7.0880797e+001  1.4737036e+001 -1.7850640e+001  7.5490205e+002  1.0229360e+002 -2.0880650e+002  3.7505802e+001 -8.7186927e+001  9.1527411e+003  4.6151523e+002 -4.7344718e+002 -8.4693072e+000 -3.0708331e+002  8.2982438e+004 -2.2360700e+001 -3.0776850e+001
  1.2930584e+001 -1.4142869e+001  2.6499614e+000 -3.1405506e+000  2.0539253e+001  8.0706054e+001 -6.5633399e+001  1.3043183e+001 -1.0631106e+001  5.8253198e+002  5.7198301e+001 -1.3637180e+002  2.0380461e+001 -3.8015148e+001  2.1875606e+003  4.1420518e+001 -2.1734073e+002  2.6334642e+001 -8.6891434e+001  9.0550965e+003  5.8222780e+002 -5.8508481e+002  4.4852787e+002  7.1271572e+001  1.4681724e+005 -3.6180350e+001 -1.1755700e+001
  1.1236611e+000 -6.9394206e-001  3.3159489e-001 -3.0828607e-001  1.4940387e-001  6.4974831e+000 -4.6701048e+000  1.4375613e+000 -1.2123214e+000  3.6124606e+000  1.3593549e+001 -2.2970966e+001  4.8100333e+000 -5.0010646e+000  6.1392613e+001  3.5505760e+001 -1.6947555e+001  1.7146226e+001 -1.3167341e+001  4.1505199e+002  3.8635642e+001 -7.3277174e+001  2.5263697e+001 -2.0918477e+001  1.3782611e+003  1.7821450e+001 -1.0848700e+001
  1.1844382e+000 -8.5993935e-001  2.3338737e-001 -2.0783216e-001  1.1047809e-001  5.5903830e+000 -3.8844165e+000  1.3867673e+000 -1.1489189e+000  3.2117582e+000  2.4190942e+001 -1.2449004e+001  6.1320148e+000 -4.6872040e+000  6.4777292e+001  2.1116688e+001 -5.2301103e+001  1.0512978e+001 -1.6148629e+001  4.4419606e+002  9.6522225e+001 -1.2722553e+002  8.1930580e+001 -1.9325430e+001  6.9465537e+003  2.2360700e+001  3.0776850e+001
  1.9674292e+000 -2.0292818e+000  7.7008867e-001 -7.5328211e-001  7.8281280e-001  4.7506158e+000 -4.6261570e+000  2.8022522e+000 -2.1442081e+000  8.5207870e+000  1.7240771e+001 -1.3908683e+001  4.6238926e+000 -5.9611590e+000  6.3114938e+001  3.1854415e+001 -2.8917108e+001  1.4761044e+001 -1.0634978e+001  3.4183421e+002  1.0027551e+002 -7.0674939e+001  1.5543366e+001 -3.4910831e+001  2.4511521e+003 -2.2360700e+001  3.0776850e+001
  1.5866257e+000 -1.7934089e+000  7.9504109e-001 -8.6222487e-001  8.7567241e-001  5.1642030e+000 -5.1920644e+000  2.8910240e+000 -2.8722284e+000  1.0731233e+001  1.4901840e+001 -5.8552405e+000  4.9215290e+000 -2.4935981e+000  2.8428373e+001  4.0308497e+001 -4.8852313e+001  1.4555747e+001 -1.7394129e+001  5.6888905e+002  1.6157202e+002 -7.8951247e+001  4.7260445e+001 -4.6753727e+001  8.0750416e+003 -2.2360700e+001  3.0776850e+001
  2.2091920e+000 -1.7879689e+000  9.7738273e-001 -9.1811589e-001  1.1889667e+000  6.4680287e+000 -6.2976822e+000  3.1574721e+000 -3.1336588e+000  1.3126251e+001  3.2303030e+001 -2.6652496e+001  9.6425564e+000 -8.7665397e+000  1.9173384e+002  2.0947027e+001 -3.9893761e+001  1.6294644e+001 -1.9076676e+001  5.1336150e+002  2.8758210e+001 -3.5368959e+001  4.5300605e+000 -1.3061844e+001  2.8594984e+002 -3.6180350e+001 -1.1755700e+001
  2.4366598e+000 -2.2344166e+000  6.7829702e-001 -6.8839944e-001  8.4429900e-001  7.9558594e+000 -7.1784957e+000  3.2738756e+000 -2.8501247e+000  1.5327408e+001  2.3263654e+001 -1.4634335e+001  1.1231603e+001 -6.3837300e+000  1.3208781e+002  7.4278865e+001 -5.7142944e+001  2.8989702e+001 -2.7331095e+001  1.6011312e+003  1.7946453e+002 -1.4050358e+002  9.6902034e+001 -2.2320421e+001  1.0157935e+004 -2.2360700e+001  3.0776850e+001
  1.3324849e+000 -1.2408373e+000  5.6893957e-001 -5.6297089e-001  4.1932848e-001  3.6051233e+000 -3.8469670e+000  2.0945382e+000 -1.7746692e+000  5.6008440e+000  9.2910719e+000 -6.3797236e+000  4.3345398e+000 -3.1321941e+000  2.2637786e+001  3.3163848e+001 -3.0462078e+001  1.5894632e+001 -1.1192975e+001  3.4491439e+002  4.3448294e+001 -2.6919293e+001  3.4830439e+001  1.3346569e+001  4.6897785e+002 -3.6180350e+001 -1.1755700e+001
  1.5908030e+000 -2.0996787e+000  7.6666648e-001 -8.1934900e-001  8.3545697e-001  9.1180902e+000 -7.9505046e+000  3.1251793e+000 -3.3514042e+000  1.7199276e+001  1.0345133e+001 -1.0551882e+001  3.6208631e+000 -2.4855103e+000  2.5135171e+001  6.3009540e+001 -4.5842076e+001  2.7233252e+001 -1.7858708e+001  1.0889279e+003  1.8561219e+002 -9.0081535e+001  9.8224564e+000 -8.1585324e+001  1.0208994e+004 -3.6180350e+001  1.1755700e+001
  1.1852442e+000 -1.1247445e+000  3.4306083e-001 -3.4798199e-001  1.9421595e-001  5.7385407e+000 -6.0686735e+000  2.0337762e+000 -2.1395004e+000  6.3120530e+000  1.8146503e+001 -1.5795417e+001  6.4643333e+000 -6.0818603e+000  7.0637304e+001  6.2709622e+001 -5.5112995e+001  2.9941202e+001 -2.0858512e+001  1.2579086e+003  7.6721685e+001 -5.3952681e+001  2.4555787e+001 -3.8145481e+001  2.2750784e+003  1.4001800e+001  2.9869850e+001
  1.8396170e+000 -9.4486828e-001  3.2180234e-001 -2.8033174e-001  1.9350577e-001  5.4120420e+000 -3.2784406e+000  1.5512363e+000 -1.2702296e+000  3.8481768e+000  1.9014524e+001 -3.5121566e+001  6.2224040e+000 -1.0656755e+001  1.4774999e+002  5.8338687e+001 -2.3604249e+001  2.0547137e+001 -1.4317715e+001  7.0475351e+002  2.3691378e+001 -6.8178507e+001 -1.6218535e+001 -6.6625094e+001  1.7018329e+003  3.6180350e+001 -1.1755700e+001
  2.7382235e+000 -2.9442875e+000  1.2053296e+000 -1.1789240e+000  2.0236328e+000  8.2001088e+000 -8.7126686e+000  3.8182679e+000 -3.9442943e+000  2.3620324e+001  1.7412068e+001 -1.1872233e+001  8.3125043e+000 -4.9471545e+000  6.8735611e+001  3.6584844e+001 -5.2616285e+001  2.1880161e+001 -2.7243717e+001  9.9975713e+002  1.3751948e+002 -1.0055469e+002  7.1046905e+001 -2.0827392e+001  6.0231405e+003  1.4001800e+001  2.9869850e+001
  1.9747468e+000 -2.8341100e+000  8.4382595e-001 -8.6818833e-001  1.1012412e+000  8.9569807e+000 -7.6904598e+000  2.8432848e+000 -2.5682946e+000  1.3882356e+001  3.4399875e+001 -2.0141766e+001  1.2926687e+001 -1.1309966e+001  2.5115688e+002  2.4483077e+001 -7.0475626e+001  1.6106379e+001 -2.8912976e+001  1.0854246e+003  7.9685799e+001 -1.1692409e+002  6.4955444e+001  2.1931180e-001  4.3418127e+003  1.4001800e+001  2.9869850e+001
  2.5623332e+000 -2.8247228e+000  7.7165941e-001 -7.3855561e-001  9.0426765e-001  1.0559523e+001 -1.0231107e+001  3.1335114e+000 -2.8977320e+000  1.7589953e+001  1.4536374e+001 -1.0784157e+001  6.8445646e+000 -4.6886271e+000  5.3305636e+001  2.4214640e+001 -1.9938149e+001  1.3472374e+001 -1.0534918e+001  2.5568408e+002  4.6926588e+001 -4.6696212e+001  3.1313579e+001 -7.6261340e+000  1.0224501e+003  1.7821450e+001  1.0848700e+001
  1.3179048e+000 -2.1252496e+000  3.7404646e-001 -3.9726156e-001  3.2931801e-001  1.5922203e+001 -1.5209051e+001  3.6478640e+000 -3.8704364e+000  3.4717102e+001  2.7165820e+001 -5.0197812e+001  1.4378941e+001 -2.2683785e+001  5.2937334e+002  1.2104984e+002 -5.3103769e+001  4.8929336e+001 -2.6616637e+001  3.6295070e+003  1.2348841e+002 -1.5779424e+002  6.8575549e+001 -5.4347346e+001  7.3821797e+003 -2.2360700e+001 -3.0776850e+001
  1.5340404e+000 -1.7661876e+000  5.4336548e-001 -5.8363518e-001  4.6302918e-001  1.2343626e+001 -1.0941287e+001  2.3038032e+000 -2.6704511e+000  1.6366405e+001  2.2626305e+001 -1.9338491e+001  9.1204997e+000 -8.4903378e+000  1.3265768e+002  3.4563233e+001 -3.0796095e+001  2.1761668e+001 -2.1733653e+001  6.5406270e+002  1.0521783e+002 -8.1290171e+001  4.9219024e+001 -3.5039027e+001  3.5592012e+003 -3.6180350e+001 -1.1755700e+001
  1.4407099e+000 -9.4555196e-001  4.4808688e-001 -4.0074336e-001  2.9622272e-001  1.1424402e+001 -1.2887021e+001  3.5530442e+000 -2.8284196e+000  2.0841758e+001  2.3414048e+001 -2.0837451e+001  1.0785009e+001 -9.9041185e+000  1.7393597e+002  1.1089980e+002 -3.1754032e+001  3.3624737e+001 -1.2984564e+001  2.0549558e+003  1.2402947e+002 -1.6062481e+002  2.7688541e+001 -6.5854378e+001  7.6722943e+003 -2.2360700e+001 -3.0776850e+001
